281
492
708
266
217
264
56
303
189
830
430
125
622
36
118
585
927
694
925
875
921
46
200
370
602
529
468
569
81
384
870
580
822
374
550
594
531
625
26
216
321
547
867
381
37
942
540
328
209
912
238
599
907
88
311
983
847
87
92
527
638
728
219
78
357
749
127
865
305
947
774
411
601
121
100
872
561
677
365
730
935
672
3
355
164
537
690
351
823
729
478
718
939
957
600
119
129
770
607
464
70
76
245
159
343
334
804
11
970
38
448
390
453
509
775
251
28
393
215
904
707
310
154
962
732
116
230
734
300
851
327
911
753
649
824
340
49
484
584
615
232
821
780
55
795
897
705
301
452
481
858
591
89
920
506
467
412
895
735
482
148
372
438
75
898
279
54
579
282
5
936
642
572
90
332
502
273
469
595
697
565
546
744
922
682
604
252
696
829
474
294
73
588
928
972
637
6
111
169
541
226
790
172
886
640
30
446
432
750
581
766
220
998
525
610
781
536
235
139
124
167
994
952
530
330
362
985
270
275
398
709
145
306
929
524
632
670
191
31
905
693
549
177
950
567
608
288
720
250
85
317
304
667
919
65
128
163
407
297
988
597
29
18
956
20
256
808
805
190
52
263
198
291
497
844
434
204
961
48
564
566
158
924
785
237
494
881
771
319
759
249
816
810
323
873
655
309
496
459
503
861
115
153
786
223
98
715
110
123
255
913
352
987
960
974
239
828
80
178
276
488
853
825
9
487
634
197
761
982
628
354
456
207
62
954
743
399
409
162
648
969
383
34
392
654
574
57
681
733
891
877
993
782
331
23
516
535
130
454
491
476
700
222
455
447
650
375
93
623
679
267
173
109
149
426
512
295
143
24
157
312
788
391
752
486
850
633
592
422
803
68
651
417
292
813
923
262
74
514
896
841
559
894
377
742
838
236
286
976
12
702
717
104
240
552
141
760
639
614
192
248
47
508
338
353
277
176
593
271
59
973
318
51
224
814
408
723
848
837
373
934
558
501
25
526
740
899
645
573
155
609
778
826
663
369
423
510
45
739
33
582
433
629
676
658
465
624
768
938
827
457
984
689
845
50
101
132
554
278
843
333
7
528
917
142
280
241
431
783
86
320
181
617
940
789
817
471
662
545
583
387
147
63
721
926
966
341
675
931
747
107
852
958
371
575
440
864
977
97
206
61
767
986
878
274
32
449
499
719
368
451
19
290
616
308
171
186
916
505
397
103
698
807
462
892
193
800
416
930
630
515
620
806
684
284
703
627
479
259
665
946
657
17
379
668
1000
685
855
410
948
745
769
801
493
776
603
522
213
652
296
571
900
182
485
763
84
664
656
500
396
772
542
221
889
339
699
347
203
234
427
428
631
945
731
726
860
77
405
619
429
908
233
400
144
359
811
606
669
787
887
350
8
179
671
683
112
243
483
380
445
953
495
517
762
134
257
4
533
253
587
706
833
737
473
562
611
348
166
364
906
586
944
866
293
247
480
470
714
389
746
246
67
997
489
741
890
461
797
363
403
653
113
577
325
799
490
165
382
951
117
863
755
967
857
686
196
820
261
150
413
643
170
991
254
871
265
60
532
903
205
272
798
466
534
99
835
208
108
183
678
882
722
10
258
856
439
358
758
146
175
16
748
716
842
687
42
212
784
156
544
641
388
738
965
344
589
941
520
91
846
44
395
420
14
349
437
910
902
324
105
523
79
943
791
901
932
613
244
765
792
228
185
504
979
551
831
345
548
543
201
378
337
978
802
83
834
538
140
160
963
879
661
15
704
313
578
980
918
959
647
862
809
102
168
955
568
131
137
893
869
756
713
184
415
680
644
414
307
53
933
883
122
202
563
210
673
773
691
518
287
836
888
885
477
194
314
151
242
227
342
832
757
754
1
751
283
40
404
285
839
646
13
576
815
376
69
981
450
777
187
346
58
82
329
989
570
406
443
71
260
188
779
66
521
322
949
94
386
126
211
498
909
460
180
114
64
712
519
444
818
361
35
174
727
356
299
41
316
425
458
475
596
394
674
269
539
152
659
441
136
336
421
914
161
688
937
812
22
725
435
971
605
367
621
796
195
724
21
849
636
436
590
819
880
793
120
999
360
231
424
298
326
618
95
106
975
402
385
635
736
43
2
315
418
598
289
701
39
302
419
874
335
268
507
995
199
840
964
968
764
96
555
854
992
513
138
794
915
27
511
442
626
229
463
612
401
859
553
225
990
560
556
135
868
72
133
472
711
876
710
557
666
366
692
996
214
218
695
660
884
